[[ 0.  0.  0.  0.  0.  0.  0.  0.]
 [ 0. -4.  1. -3.  2. -6.  0. -1.]
 [-2.  0.  0.  0.  0.  0.  0.  0.]
 [ 0.  1.  0.  0. -1.  0. -1.  0.]
 [ 0.  0.  0.  0.  0.  0.  0.  4.]
 [ 0.  0.  0.  0.  0. -2.  0. -4.]
 [ 0.  0.  0.  0.  1.  1.  1.  4.]
 [ 0.  0.  3.  5.  6.  3.  0.  0.]]

black mated

[[-4.  0. -3. -5. -6. -3. -2. -4.]
 [-1.  0. -1. -1. -1. -1. -1. -1.]
 [ 0. -1.  0.  0.  0.  0.  0.  0.]
 [ 0.  0.  0.  0.  0.  0.  2.  0.]
 [ 0.  0.  0.  0.  0.  0.  0.  0.]
 [ 0.  1.  0. -2.  0.  0.  0.  1.]
 [ 1.  0.  1.  1.  1.  1.  1.  0.]
 [ 4.  2.  3.  5.  6.  3.  0.  4.]]
 black mated